1.000000 1.500000 
2.000000 1.500000 
3.000000 1.500000 
4.000000 1.500000 
5.000000 1.500000 
6.000000 1.500000 
7.000000 1.500000 
8.000000 1.500000 
9.000000 1.500000 
10.000000 1.500000 
11.000000 1.500000 
12.000000 1.500000 
13.000000 1.500000 
14.000000 1.500000 
15.000000 1.250000 
16.000000 1.250000 
17.000000 1.250000 
18.000000 1.250000 
19.000000 1.250000 
20.000000 1.250000 
21.000000 1.250000 
22.000000 1.250000 
23.000000 1.250000 
24.000000 1.250000 
25.000000 1.250000 
26.000000 1.250000 
27.000000 1.250000 
28.000000 1.250000 
29.000000 1.250000 
30.000000 1.250000 
31.000000 1.250000 
32.000000 1.250000 
33.000000 1.250000 
34.000000 1.250000 
35.000000 1.250000 
36.000000 1.250000 
37.000000 1.250000 
38.000000 1.250000 
39.000000 1.250000 
40.000000 1.250000 
41.000000 1.250000 
42.000000 1.250000 
43.000000 1.250000 
44.000000 1.250000 
45.000000 1.250000 
46.000000 1.250000 
47.000000 1.250000 
48.000000 1.250000 
49.000000 1.250000 
50.000000 1.250000 
51.000000 1.250000 
52.000000 1.250000 
53.000000 1.250000 
54.000000 1.250000 
55.000000 1.250000 
56.000000 1.250000 
57.000000 1.250000 
58.000000 1.250000 
59.000000 1.250000 
60.000000 1.250000 
61.000000 1.250000 
62.000000 1.250000 
63.000000 1.250000 
64.000000 1.250000 
65.000000 1.250000 
66.000000 1.250000 
67.000000 1.250000 
68.000000 1.250000 
69.000000 1.250000 
70.000000 1.250000 
71.000000 1.250000 
72.000000 1.250000 
73.000000 1.250000 
74.000000 1.250000 
75.000000 1.250000 
76.000000 1.250000 
77.000000 1.250000 
78.000000 1.250000 
79.000000 1.250000 
80.000000 1.250000 
81.000000 1.250000 
82.000000 1.250000 
83.000000 1.250000 
84.000000 1.250000 
85.000000 1.250000 
86.000000 1.250000 
87.000000 1.250000 
88.000000 1.250000 
89.000000 1.250000 
90.000000 1.250000 
91.000000 1.250000 
92.000000 1.250000 
93.000000 1.250000 
94.000000 1.250000 
95.000000 1.250000 
96.000000 1.250000 
97.000000 1.250000 
98.000000 1.250000 
99.000000 1.250000 
100.000000 1.250000 
101.000000 1.250000 
102.000000 1.250000 
103.000000 1.250000 
104.000000 1.250000 
105.000000 1.250000 
106.000000 1.250000 
107.000000 1.250000 
108.000000 1.250000 
109.000000 1.250000 
110.000000 1.250000 
111.000000 1.250000 
112.000000 1.250000 
113.000000 1.250000 
114.000000 1.250000 
115.000000 1.250000 
116.000000 1.250000 
117.000000 1.250000 
118.000000 1.250000 
119.000000 1.250000 
120.000000 1.250000 
121.000000 1.250000 
122.000000 1.250000 
123.000000 1.250000 
124.000000 1.250000 
125.000000 1.250000 
126.000000 1.250000 
127.000000 1.250000 
128.000000 1.250000 
129.000000 1.250000 
130.000000 1.250000 
131.000000 1.250000 
132.000000 1.250000 
133.000000 1.250000 
134.000000 1.250000 
135.000000 1.250000 
136.000000 1.250000 
137.000000 1.250000 
138.000000 1.250000 
139.000000 1.250000 
140.000000 1.250000 
141.000000 1.250000 
142.000000 1.250000 
143.000000 1.250000 
144.000000 1.250000 
145.000000 1.250000 
146.000000 1.250000 
147.000000 1.250000 
148.000000 1.250000 
149.000000 1.250000 
150.000000 1.250000 
151.000000 1.250000 
152.000000 1.250000 
153.000000 1.250000 
154.000000 1.250000 
155.000000 1.250000 
156.000000 1.250000 
157.000000 1.250000 
158.000000 1.250000 
159.000000 1.250000 
160.000000 1.250000 
161.000000 1.250000 
162.000000 1.250000 
163.000000 1.250000 
164.000000 1.250000 
165.000000 1.250000 
166.000000 1.250000 
167.000000 1.250000 
168.000000 1.250000 
169.000000 1.250000 
170.000000 1.250000 
171.000000 1.250000 
172.000000 1.250000 
173.000000 1.250000 
174.000000 1.250000 
175.000000 1.250000 
176.000000 1.250000 
177.000000 1.250000 
178.000000 1.250000 
179.000000 1.250000 
180.000000 1.250000 
181.000000 1.250000 
182.000000 1.250000 
183.000000 1.250000 
184.000000 1.250000 
185.000000 1.250000 
186.000000 1.250000 
187.000000 1.250000 
188.000000 1.250000 
189.000000 1.250000 
190.000000 1.250000 
191.000000 1.250000 
192.000000 1.250000 
193.000000 1.250000 
194.000000 1.250000 
195.000000 1.250000 
196.000000 1.250000 
197.000000 1.250000 
198.000000 1.250000 
199.000000 1.250000 
200.000000 1.250000 
201.000000 1.250000 
202.000000 1.250000 
203.000000 1.250000 
204.000000 1.250000 
205.000000 1.250000 
206.000000 1.250000 
207.000000 1.250000 
208.000000 1.250000 
209.000000 1.250000 
210.000000 1.250000 
211.000000 1.250000 
212.000000 1.250000 
213.000000 1.250000 
214.000000 1.250000 
215.000000 1.250000 
216.000000 1.250000 
217.000000 1.250000 
218.000000 1.250000 
219.000000 1.250000 
220.000000 1.250000 
221.000000 1.250000 
222.000000 1.250000 
223.000000 1.250000 
224.000000 1.250000 
225.000000 1.250000 
226.000000 1.250000 
227.000000 1.250000 
228.000000 1.250000 
229.000000 1.250000 
230.000000 1.250000 
231.000000 1.250000 
232.000000 1.250000 
233.000000 1.250000 
234.000000 1.250000 
235.000000 1.250000 
236.000000 1.250000 
237.000000 1.250000 
238.000000 1.250000 
239.000000 1.250000 
240.000000 1.250000 
241.000000 1.250000 
242.000000 1.250000 
243.000000 1.250000 
244.000000 1.250000 
245.000000 1.250000 
246.000000 1.250000 
247.000000 1.250000 
248.000000 1.250000 
249.000000 1.250000 
250.000000 1.250000 
