1.000000 1.814615 
1.010101 1.822400 
1.020202 1.830186 
1.030303 1.837971 
1.040404 1.845757 
1.050505 1.853542 
1.060606 1.861328 
1.070707 1.869114 
1.080808 1.876899 
1.090909 1.884685 
1.101010 1.892470 
1.111111 1.900256 
1.121212 1.908041 
1.131313 1.915827 
1.141414 1.923613 
1.151515 1.931398 
1.161616 1.939184 
1.171717 1.946969 
1.181818 1.954755 
1.191919 1.962540 
1.202020 1.970326 
1.212121 1.978111 
1.222222 1.985897 
1.232323 1.993683 
1.242424 2.001468 
1.252525 2.009254 
1.262626 2.017039 
1.272727 2.024825 
1.282828 2.032610 
1.292929 2.040396 
1.303030 2.048182 
1.313131 2.055967 
1.323232 2.063753 
1.333333 2.071538 
1.343434 2.079324 
1.353535 2.087109 
1.363636 2.094895 
1.373737 2.102680 
1.383838 2.110466 
1.393939 2.118252 
1.404040 2.126037 
1.414141 2.133823 
1.424242 2.141608 
1.434343 2.149394 
1.444444 2.157179 
1.454545 2.164965 
1.464646 2.172751 
1.474747 2.180536 
1.484848 2.188322 
1.494949 2.196107 
1.505051 2.203893 
1.515152 2.211678 
1.525253 2.219464 
1.535354 2.227249 
1.545455 2.235035 
1.555556 2.242821 
1.565657 2.250606 
1.575758 2.258392 
1.585859 2.266177 
1.595960 2.273963 
1.606061 2.281748 
1.616162 2.289534 
1.626263 2.297320 
1.636364 2.305105 
1.646465 2.312891 
1.656566 2.320676 
1.666667 2.328462 
1.676768 2.336247 
1.686869 2.344033 
1.696970 2.351818 
1.707071 2.359604 
1.717172 2.367390 
1.727273 2.375175 
1.737374 2.382961 
1.747475 2.390746 
1.757576 2.398532 
1.767677 2.406317 
1.777778 2.414103 
1.787879 2.421889 
1.797980 2.429674 
1.808081 2.437460 
1.818182 2.445245 
1.828283 2.453031 
1.838384 2.460816 
1.848485 2.468602 
1.858586 2.476387 
1.868687 2.484173 
1.878788 2.491959 
1.888889 2.499744 
1.898990 2.507530 
1.909091 2.515315 
1.919192 2.523101 
1.929293 2.530886 
1.939394 2.538672 
1.949495 2.546458 
1.959596 2.554243 
1.969697 2.562029 
1.979798 2.569814 
1.989899 2.577600 
2.000000 2.585385 
