1.000000 2.200000 
2.000000 2.200000 
3.000000 2.200000 
4.000000 2.200000 
5.000000 2.200000 
6.000000 2.200000 
7.000000 2.200000 
8.000000 2.200000 
9.000000 2.200000 
10.000000 2.200000 
11.000000 2.200000 
12.000000 2.200000 
13.000000 2.200000 
14.000000 2.200000 
15.000000 2.200000 
16.000000 2.200000 
17.000000 2.200000 
18.000000 2.200000 
19.000000 2.200000 
20.000000 2.200000 
21.000000 2.200000 
22.000000 2.200000 
23.000000 2.200000 
24.000000 2.200000 
25.000000 2.200422 
26.000000 2.201612 
27.000000 2.203468 
28.000000 2.205894 
29.000000 2.208808 
30.000000 2.212134 
31.000000 2.215805 
32.000000 2.219761 
33.000000 2.223948 
34.000000 2.228319 
35.000000 2.232832 
36.000000 2.237448 
37.000000 2.242135 
38.000000 2.246863 
39.000000 2.251607 
40.000000 2.256346 
41.000000 2.261058 
42.000000 2.265727 
43.000000 2.270340 
44.000000 2.274882 
45.000000 2.279345 
46.000000 2.283719 
47.000000 2.287997 
48.000000 2.292172 
49.000000 2.296241 
50.000000 2.300199 
51.000000 2.304044 
52.000000 2.307774 
53.000000 2.311388 
54.000000 2.314884 
55.000000 2.318264 
56.000000 2.321528 
57.000000 2.324677 
58.000000 2.327712 
59.000000 2.330634 
60.000000 2.333447 
61.000000 2.336151 
62.000000 2.338749 
63.000000 2.341244 
64.000000 2.343638 
65.000000 2.345935 
66.000000 2.348136 
67.000000 2.350244 
68.000000 2.352264 
69.000000 2.354196 
70.000000 2.356045 
71.000000 2.357812 
72.000000 2.359502 
73.000000 2.361117 
74.000000 2.362658 
75.000000 2.364131 
76.000000 2.365536 
77.000000 2.366876 
78.000000 2.368155 
79.000000 2.369374 
80.000000 2.370536 
81.000000 2.371644 
82.000000 2.372699 
83.000000 2.373704 
84.000000 2.374661 
85.000000 2.375572 
86.000000 2.376439 
87.000000 2.377265 
88.000000 2.378050 
89.000000 2.378796 
90.000000 2.379507 
91.000000 2.380182 
92.000000 2.380824 
93.000000 2.381434 
94.000000 2.382014 
95.000000 2.382565 
96.000000 2.383089 
97.000000 2.383586 
98.000000 2.384058 
99.000000 2.384507 
100.000000 2.384933 
101.000000 2.385337 
102.000000 2.385721 
103.000000 2.386085 
104.000000 2.386431 
105.000000 2.386759 
106.000000 2.387070 
107.000000 2.387365 
108.000000 2.387645 
109.000000 2.387911 
110.000000 2.388163 
111.000000 2.388402 
112.000000 2.388628 
113.000000 2.388843 
114.000000 2.389047 
115.000000 2.389240 
116.000000 2.389423 
117.000000 2.389597 
118.000000 2.389761 
119.000000 2.389917 
120.000000 2.390064 
121.000000 2.390204 
122.000000 2.390337 
123.000000 2.390463 
124.000000 2.390582 
125.000000 2.390694 
126.000000 2.390801 
127.000000 2.390902 
128.000000 2.390998 
129.000000 2.391089 
130.000000 2.391175 
131.000000 2.391256 
132.000000 2.391333 
133.000000 2.391406 
134.000000 2.391475 
135.000000 2.391541 
136.000000 2.391602 
137.000000 2.391661 
138.000000 2.391717 
139.000000 2.391769 
140.000000 2.391819 
141.000000 2.391866 
142.000000 2.391911 
143.000000 2.391953 
144.000000 2.391993 
145.000000 2.392030 
146.000000 2.392066 
147.000000 2.392100 
148.000000 2.392132 
149.000000 2.392162 
150.000000 2.392191 
151.000000 2.392218 
152.000000 2.392244 
153.000000 2.392268 
154.000000 2.392291 
155.000000 2.392313 
156.000000 2.392333 
157.000000 2.392353 
158.000000 2.392371 
159.000000 2.392389 
160.000000 2.392405 
161.000000 2.392421 
162.000000 2.392436 
163.000000 2.392450 
164.000000 2.392463 
165.000000 2.392475 
166.000000 2.392487 
167.000000 2.392498 
168.000000 2.392509 
169.000000 2.392519 
170.000000 2.392528 
171.000000 2.392537 
172.000000 2.392546 
173.000000 2.392554 
174.000000 2.392561 
175.000000 2.392568 
176.000000 2.392575 
177.000000 2.392582 
178.000000 2.392588 
179.000000 2.392593 
180.000000 2.392599 
181.000000 2.392604 
182.000000 2.392609 
183.000000 2.392613 
184.000000 2.392618 
185.000000 2.392622 
186.000000 2.392626 
187.000000 2.392629 
188.000000 2.392633 
189.000000 2.392636 
190.000000 2.392639 
191.000000 2.392642 
192.000000 2.392645 
193.000000 2.392647 
194.000000 2.392650 
195.000000 2.392652 
196.000000 2.392654 
197.000000 2.392657 
198.000000 2.392658 
199.000000 2.392660 
200.000000 2.392662 
201.000000 2.392664 
202.000000 2.392665 
203.000000 2.392667 
204.000000 2.392668 
205.000000 2.392670 
206.000000 2.392671 
207.000000 2.392672 
208.000000 2.392673 
209.000000 2.392674 
210.000000 2.392675 
211.000000 2.392676 
212.000000 2.392677 
213.000000 2.392678 
214.000000 2.392679 
215.000000 2.392680 
216.000000 2.392680 
217.000000 2.392681 
218.000000 2.392682 
219.000000 2.392682 
220.000000 2.392683 
221.000000 2.392683 
222.000000 2.392684 
223.000000 2.392684 
224.000000 2.392685 
225.000000 2.392685 
226.000000 2.392686 
227.000000 2.392686 
228.000000 2.392686 
229.000000 2.392687 
230.000000 2.392687 
231.000000 2.392687 
232.000000 2.392688 
233.000000 2.392688 
234.000000 2.392688 
235.000000 2.392688 
236.000000 2.392689 
237.000000 2.392689 
238.000000 2.392689 
239.000000 2.392689 
240.000000 2.392690 
241.000000 2.392690 
242.000000 2.392690 
243.000000 2.392690 
244.000000 2.392690 
245.000000 2.392690 
246.000000 2.392690 
247.000000 2.392691 
248.000000 2.392691 
249.000000 2.392691 
250.000000 2.392691 
