1.000000 2.200000 
2.000000 2.200000 
3.000000 2.200000 
4.000000 2.200000 
5.000000 2.200000 
6.000000 2.200000 
7.000000 2.200000 
8.000000 2.200000 
9.000000 2.200000 
10.000000 2.200000 
11.000000 2.200000 
12.000000 2.200000 
13.000000 2.200000 
14.000000 2.200000 
15.000000 2.200000 
16.000000 2.200000 
17.000000 2.200000 
18.000000 2.200000 
19.000000 2.200000 
20.000000 2.200000 
21.000000 2.200000 
22.000000 2.200000 
23.000000 2.200000 
24.000000 2.200000 
25.000000 2.200000 
26.000000 2.200000 
27.000000 2.200000 
28.000000 2.200000 
29.000000 2.200000 
30.000000 2.200000 
31.000000 2.200000 
32.000000 2.200000 
33.000000 2.200000 
34.000000 2.200000 
35.000000 2.200000 
36.000000 2.200000 
37.000000 2.200000 
38.000000 2.200000 
39.000000 2.200000 
40.000000 2.200000 
41.000000 2.200000 
42.000000 2.200000 
43.000000 2.200000 
44.000000 2.200000 
45.000000 2.200000 
46.000000 2.200000 
47.000000 2.200000 
48.000000 2.200000 
49.000000 2.200000 
50.000000 2.200000 
51.000000 2.200000 
52.000000 2.200000 
53.000000 2.200000 
54.000000 2.200000 
55.000000 2.200000 
56.000000 2.200000 
57.000000 2.200000 
58.000000 2.200000 
59.000000 2.200000 
60.000000 2.200000 
61.000000 2.200000 
62.000000 2.200000 
63.000000 2.200000 
64.000000 2.200000 
65.000000 2.200000 
66.000000 2.200000 
67.000000 2.200000 
68.000000 2.200000 
69.000000 2.200000 
70.000000 2.200000 
71.000000 2.200000 
72.000000 2.200000 
73.000000 2.200000 
74.000000 2.200000 
75.000000 2.200000 
76.000000 2.200000 
77.000000 2.200000 
78.000000 2.200000 
79.000000 2.200000 
80.000000 2.200000 
81.000000 2.200000 
82.000000 2.200000 
83.000000 2.200000 
84.000000 2.200000 
85.000000 2.200000 
86.000000 2.200000 
87.000000 2.200000 
88.000000 2.200000 
89.000000 2.200000 
90.000000 2.200000 
91.000000 2.200000 
92.000000 2.200000 
93.000000 2.200000 
94.000000 2.200000 
95.000000 2.200000 
96.000000 2.200000 
97.000000 2.200000 
98.000000 2.200000 
99.000000 2.200000 
100.000000 2.200000 
101.000000 2.200000 
102.000000 2.200000 
103.000000 2.200000 
104.000000 2.200000 
105.000000 2.200000 
106.000000 2.200000 
107.000000 2.200000 
108.000000 2.200000 
109.000000 2.200000 
110.000000 2.200000 
111.000000 2.200000 
112.000000 2.200000 
113.000000 2.200000 
114.000000 2.200000 
115.000000 2.200000 
116.000000 2.200000 
117.000000 2.200000 
118.000000 2.200000 
119.000000 2.200000 
120.000000 2.200000 
121.000000 2.200000 
122.000000 2.200000 
123.000000 2.200000 
124.000000 2.200000 
125.000000 2.200000 
126.000000 2.200000 
127.000000 2.200000 
128.000000 2.200000 
129.000000 2.200000 
130.000000 2.200000 
131.000000 2.200000 
132.000000 2.200000 
133.000000 2.200000 
134.000000 2.200000 
135.000000 2.200000 
136.000000 2.200000 
137.000000 2.200000 
138.000000 2.200000 
139.000000 2.200000 
140.000000 2.200000 
141.000000 2.200000 
142.000000 2.200000 
143.000000 2.200000 
144.000000 2.200000 
145.000000 2.200000 
146.000000 2.200000 
147.000000 2.200000 
148.000000 2.200000 
149.000000 2.200000 
150.000000 2.200000 
151.000000 2.200000 
152.000000 2.200000 
153.000000 2.200000 
154.000000 2.200000 
155.000000 2.200000 
156.000000 2.200000 
157.000000 2.200000 
158.000000 2.200000 
159.000000 2.200000 
160.000000 2.200000 
161.000000 2.200000 
162.000000 2.200000 
163.000000 2.200000 
164.000000 2.200000 
165.000000 2.200000 
166.000000 2.200000 
167.000000 2.200000 
168.000000 2.200000 
169.000000 2.200000 
170.000000 2.200000 
171.000000 2.200000 
172.000000 2.200000 
173.000000 2.200000 
174.000000 2.200000 
175.000000 2.200000 
176.000000 2.200000 
177.000000 2.200000 
178.000000 2.200000 
179.000000 2.200000 
180.000000 2.200000 
181.000000 2.200000 
182.000000 2.200000 
183.000000 2.200000 
184.000000 2.200000 
185.000000 2.200000 
186.000000 2.200000 
187.000000 2.200000 
188.000000 2.200000 
189.000000 2.200000 
190.000000 2.200000 
191.000000 2.200000 
192.000000 2.200000 
193.000000 2.200000 
194.000000 2.200000 
195.000000 2.200000 
196.000000 2.200000 
197.000000 2.200000 
198.000000 2.200000 
199.000000 2.200000 
200.000000 2.200000 
201.000000 2.200000 
202.000000 2.200000 
203.000000 2.200000 
204.000000 2.200000 
205.000000 2.200000 
206.000000 2.200000 
207.000000 2.200000 
208.000000 2.200000 
209.000000 2.200000 
210.000000 2.200000 
211.000000 2.200000 
212.000000 2.200000 
213.000000 2.200000 
214.000000 2.200000 
215.000000 2.200000 
216.000000 2.200000 
217.000000 2.200000 
218.000000 2.200000 
219.000000 2.200000 
220.000000 2.200000 
221.000000 2.200000 
222.000000 2.200000 
223.000000 2.200000 
224.000000 2.200000 
225.000000 2.200000 
226.000000 2.200000 
227.000000 2.200000 
228.000000 2.200000 
229.000000 2.200000 
230.000000 2.200000 
231.000000 2.200000 
232.000000 2.200000 
233.000000 2.200000 
234.000000 2.200000 
235.000000 2.200000 
236.000000 2.200000 
237.000000 2.200000 
238.000000 2.200000 
239.000000 2.200000 
240.000000 2.200000 
241.000000 2.200000 
242.000000 2.200000 
243.000000 2.200000 
244.000000 2.200000 
245.000000 2.200000 
246.000000 2.200000 
247.000000 2.200000 
248.000000 2.200000 
249.000000 2.200000 
250.000000 2.200000 
