1.000000 2.200000 
2.000000 2.200000 
3.000000 2.200000 
4.000000 2.200000 
5.000000 2.200000 
6.000000 2.200000 
7.000000 2.200000 
8.000000 2.200000 
9.000000 2.200000 
10.000000 2.200000 
11.000000 2.200000 
12.000000 2.200000 
13.000000 2.200000 
14.000000 2.200000 
15.000000 2.200000 
16.000000 2.200000 
17.000000 2.200000 
18.000000 2.200000 
19.000000 2.200000 
20.000000 2.200000 
21.000000 2.200000 
22.000000 2.200000 
23.000000 2.200000 
24.000000 2.200000 
25.000000 2.199156 
26.000000 2.196775 
27.000000 2.193065 
28.000000 2.188212 
29.000000 2.182384 
30.000000 2.175732 
31.000000 2.168390 
32.000000 2.160478 
33.000000 2.152103 
34.000000 2.143361 
35.000000 2.134337 
36.000000 2.125104 
37.000000 2.115731 
38.000000 2.106274 
39.000000 2.096785 
40.000000 2.087309 
41.000000 2.077885 
42.000000 2.068546 
43.000000 2.059321 
44.000000 2.050235 
45.000000 2.041310 
46.000000 2.032562 
47.000000 2.024007 
48.000000 2.015656 
49.000000 2.007518 
50.000000 1.999602 
51.000000 1.991912 
52.000000 1.984452 
53.000000 1.977225 
54.000000 1.970231 
55.000000 1.963471 
56.000000 1.956943 
57.000000 1.950646 
58.000000 1.944577 
59.000000 1.938731 
60.000000 1.933107 
61.000000 1.927699 
62.000000 1.922502 
63.000000 1.917512 
64.000000 1.912723 
65.000000 1.908131 
66.000000 1.903729 
67.000000 1.899511 
68.000000 1.895473 
69.000000 1.891608 
70.000000 1.887911 
71.000000 1.884375 
72.000000 1.880996 
73.000000 1.877767 
74.000000 1.874683 
75.000000 1.871739 
76.000000 1.868929 
77.000000 1.866248 
78.000000 1.863690 
79.000000 1.861252 
80.000000 1.858928 
81.000000 1.856713 
82.000000 1.854602 
83.000000 1.852592 
84.000000 1.850678 
85.000000 1.848856 
86.000000 1.847121 
87.000000 1.845471 
88.000000 1.843901 
89.000000 1.842407 
90.000000 1.840987 
91.000000 1.839636 
92.000000 1.838352 
93.000000 1.837132 
94.000000 1.835972 
95.000000 1.834870 
96.000000 1.833823 
97.000000 1.832828 
98.000000 1.831883 
99.000000 1.830986 
100.000000 1.830135 
101.000000 1.829326 
102.000000 1.828559 
103.000000 1.827830 
104.000000 1.827139 
105.000000 1.826483 
106.000000 1.825860 
107.000000 1.825270 
108.000000 1.824709 
109.000000 1.824178 
110.000000 1.823674 
111.000000 1.823196 
112.000000 1.822743 
113.000000 1.822313 
114.000000 1.821906 
115.000000 1.821520 
116.000000 1.821154 
117.000000 1.820807 
118.000000 1.820478 
119.000000 1.820166 
120.000000 1.819871 
121.000000 1.819591 
122.000000 1.819326 
123.000000 1.819075 
124.000000 1.818837 
125.000000 1.818611 
126.000000 1.818398 
127.000000 1.818196 
128.000000 1.818004 
129.000000 1.817823 
130.000000 1.817651 
131.000000 1.817488 
132.000000 1.817334 
133.000000 1.817188 
134.000000 1.817050 
135.000000 1.816919 
136.000000 1.816795 
137.000000 1.816678 
138.000000 1.816567 
139.000000 1.816462 
140.000000 1.816362 
141.000000 1.816268 
142.000000 1.816179 
143.000000 1.816095 
144.000000 1.816015 
145.000000 1.815939 
146.000000 1.815868 
147.000000 1.815800 
148.000000 1.815736 
149.000000 1.815675 
150.000000 1.815618 
151.000000 1.815564 
152.000000 1.815512 
153.000000 1.815464 
154.000000 1.815418 
155.000000 1.815374 
156.000000 1.815333 
157.000000 1.815294 
158.000000 1.815257 
159.000000 1.815222 
160.000000 1.815189 
161.000000 1.815158 
162.000000 1.815129 
163.000000 1.815101 
164.000000 1.815074 
165.000000 1.815049 
166.000000 1.815026 
167.000000 1.815004 
168.000000 1.814982 
169.000000 1.814962 
170.000000 1.814943 
171.000000 1.814926 
172.000000 1.814909 
173.000000 1.814893 
174.000000 1.814878 
175.000000 1.814863 
176.000000 1.814850 
177.000000 1.814837 
178.000000 1.814825 
179.000000 1.814813 
180.000000 1.814802 
181.000000 1.814792 
182.000000 1.814783 
183.000000 1.814773 
184.000000 1.814765 
185.000000 1.814757 
186.000000 1.814749 
187.000000 1.814741 
188.000000 1.814735 
189.000000 1.814728 
190.000000 1.814722 
191.000000 1.814716 
192.000000 1.814710 
193.000000 1.814705 
194.000000 1.814700 
195.000000 1.814696 
196.000000 1.814691 
197.000000 1.814687 
198.000000 1.814683 
199.000000 1.814679 
200.000000 1.814676 
201.000000 1.814672 
202.000000 1.814669 
203.000000 1.814666 
204.000000 1.814663 
205.000000 1.814661 
206.000000 1.814658 
207.000000 1.814656 
208.000000 1.814654 
209.000000 1.814651 
210.000000 1.814649 
211.000000 1.814647 
212.000000 1.814646 
213.000000 1.814644 
214.000000 1.814642 
215.000000 1.814641 
216.000000 1.814639 
217.000000 1.814638 
218.000000 1.814637 
219.000000 1.814636 
220.000000 1.814634 
221.000000 1.814633 
222.000000 1.814632 
223.000000 1.814631 
224.000000 1.814630 
225.000000 1.814630 
226.000000 1.814629 
227.000000 1.814628 
228.000000 1.814627 
229.000000 1.814626 
230.000000 1.814626 
231.000000 1.814625 
232.000000 1.814625 
233.000000 1.814624 
234.000000 1.814624 
235.000000 1.814623 
236.000000 1.814623 
237.000000 1.814622 
238.000000 1.814622 
239.000000 1.814621 
240.000000 1.814621 
241.000000 1.814621 
242.000000 1.814620 
243.000000 1.814620 
244.000000 1.814620 
245.000000 1.814619 
246.000000 1.814619 
247.000000 1.814619 
248.000000 1.814619 
249.000000 1.814618 
250.000000 1.814618 
