1.000000 2.200000 
2.000000 2.200000 
3.000000 2.200000 
4.000000 2.200000 
5.000000 2.200000 
6.000000 2.200000 
7.000000 2.200000 
8.000000 2.200000 
9.000000 2.200000 
10.000000 2.200000 
11.000000 2.200000 
12.000000 2.200000 
13.000000 2.200000 
14.000000 2.200000 
15.000000 2.200000 
16.000000 2.200000 
17.000000 2.200000 
18.000000 2.200000 
19.000000 2.200000 
20.000000 2.200000 
21.000000 2.200000 
22.000000 2.200000 
23.000000 2.200000 
24.000000 2.200000 
25.000000 2.200844 
26.000000 2.203225 
27.000000 2.206935 
28.000000 2.211788 
29.000000 2.217616 
30.000000 2.224268 
31.000000 2.231610 
32.000000 2.239522 
33.000000 2.247897 
34.000000 2.256639 
35.000000 2.265663 
36.000000 2.274896 
37.000000 2.284269 
38.000000 2.293726 
39.000000 2.303215 
40.000000 2.312691 
41.000000 2.322115 
42.000000 2.331454 
43.000000 2.340679 
44.000000 2.349765 
45.000000 2.358690 
46.000000 2.367438 
47.000000 2.375993 
48.000000 2.384344 
49.000000 2.392482 
50.000000 2.400398 
51.000000 2.408088 
52.000000 2.415548 
53.000000 2.422775 
54.000000 2.429769 
55.000000 2.436529 
56.000000 2.443057 
57.000000 2.449354 
58.000000 2.455423 
59.000000 2.461269 
60.000000 2.466893 
61.000000 2.472301 
62.000000 2.477498 
63.000000 2.482488 
64.000000 2.487277 
65.000000 2.491869 
66.000000 2.496271 
67.000000 2.500489 
68.000000 2.504527 
69.000000 2.508392 
70.000000 2.512089 
71.000000 2.515625 
72.000000 2.519004 
73.000000 2.522233 
74.000000 2.525317 
75.000000 2.528261 
76.000000 2.531071 
77.000000 2.533752 
78.000000 2.536310 
79.000000 2.538748 
80.000000 2.541072 
81.000000 2.543287 
82.000000 2.545398 
83.000000 2.547408 
84.000000 2.549322 
85.000000 2.551144 
86.000000 2.552879 
87.000000 2.554529 
88.000000 2.556099 
89.000000 2.557593 
90.000000 2.559013 
91.000000 2.560364 
92.000000 2.561648 
93.000000 2.562868 
94.000000 2.564028 
95.000000 2.565130 
96.000000 2.566177 
97.000000 2.567172 
98.000000 2.568117 
99.000000 2.569014 
100.000000 2.569865 
101.000000 2.570674 
102.000000 2.571441 
103.000000 2.572170 
104.000000 2.572861 
105.000000 2.573517 
106.000000 2.574140 
107.000000 2.574730 
108.000000 2.575291 
109.000000 2.575822 
110.000000 2.576326 
111.000000 2.576804 
112.000000 2.577257 
113.000000 2.577687 
114.000000 2.578094 
115.000000 2.578480 
116.000000 2.578846 
117.000000 2.579193 
118.000000 2.579522 
119.000000 2.579834 
120.000000 2.580129 
121.000000 2.580409 
122.000000 2.580674 
123.000000 2.580925 
124.000000 2.581163 
125.000000 2.581389 
126.000000 2.581602 
127.000000 2.581804 
128.000000 2.581996 
129.000000 2.582177 
130.000000 2.582349 
131.000000 2.582512 
132.000000 2.582666 
133.000000 2.582812 
134.000000 2.582950 
135.000000 2.583081 
136.000000 2.583205 
137.000000 2.583322 
138.000000 2.583433 
139.000000 2.583538 
140.000000 2.583638 
141.000000 2.583732 
142.000000 2.583821 
143.000000 2.583905 
144.000000 2.583985 
145.000000 2.584061 
146.000000 2.584132 
147.000000 2.584200 
148.000000 2.584264 
149.000000 2.584325 
150.000000 2.584382 
151.000000 2.584436 
152.000000 2.584488 
153.000000 2.584536 
154.000000 2.584582 
155.000000 2.584626 
156.000000 2.584667 
157.000000 2.584706 
158.000000 2.584743 
159.000000 2.584778 
160.000000 2.584811 
161.000000 2.584842 
162.000000 2.584871 
163.000000 2.584899 
164.000000 2.584926 
165.000000 2.584951 
166.000000 2.584974 
167.000000 2.584996 
168.000000 2.585018 
169.000000 2.585038 
170.000000 2.585057 
171.000000 2.585074 
172.000000 2.585091 
173.000000 2.585107 
174.000000 2.585122 
175.000000 2.585137 
176.000000 2.585150 
177.000000 2.585163 
178.000000 2.585175 
179.000000 2.585187 
180.000000 2.585198 
181.000000 2.585208 
182.000000 2.585217 
183.000000 2.585227 
184.000000 2.585235 
185.000000 2.585243 
186.000000 2.585251 
187.000000 2.585259 
188.000000 2.585265 
189.000000 2.585272 
190.000000 2.585278 
191.000000 2.585284 
192.000000 2.585290 
193.000000 2.585295 
194.000000 2.585300 
195.000000 2.585304 
196.000000 2.585309 
197.000000 2.585313 
198.000000 2.585317 
199.000000 2.585321 
200.000000 2.585324 
201.000000 2.585328 
202.000000 2.585331 
203.000000 2.585334 
204.000000 2.585337 
205.000000 2.585339 
206.000000 2.585342 
207.000000 2.585344 
208.000000 2.585346 
209.000000 2.585349 
210.000000 2.585351 
211.000000 2.585353 
212.000000 2.585354 
213.000000 2.585356 
214.000000 2.585358 
215.000000 2.585359 
216.000000 2.585361 
217.000000 2.585362 
218.000000 2.585363 
219.000000 2.585364 
220.000000 2.585366 
221.000000 2.585367 
222.000000 2.585368 
223.000000 2.585369 
224.000000 2.585370 
225.000000 2.585370 
226.000000 2.585371 
227.000000 2.585372 
228.000000 2.585373 
229.000000 2.585374 
230.000000 2.585374 
231.000000 2.585375 
232.000000 2.585375 
233.000000 2.585376 
234.000000 2.585376 
235.000000 2.585377 
236.000000 2.585377 
237.000000 2.585378 
238.000000 2.585378 
239.000000 2.585379 
240.000000 2.585379 
241.000000 2.585379 
242.000000 2.585380 
243.000000 2.585380 
244.000000 2.585380 
245.000000 2.585381 
246.000000 2.585381 
247.000000 2.585381 
248.000000 2.585381 
249.000000 2.585382 
250.000000 2.585382 
