1.000000 1.500000 
2.000000 1.500000 
3.000000 1.500000 
4.000000 1.500000 
5.000000 1.500000 
6.000000 1.500000 
7.000000 1.500000 
8.000000 1.500000 
9.000000 1.500000 
10.000000 1.500000 
11.000000 1.500000 
12.000000 1.500000 
13.000000 1.500000 
14.000000 1.500000 
15.000000 1.750000 
16.000000 1.750000 
17.000000 1.750000 
18.000000 1.750000 
19.000000 1.750000 
20.000000 1.750000 
21.000000 1.750000 
22.000000 1.750000 
23.000000 1.750000 
24.000000 1.750000 
25.000000 1.750000 
26.000000 1.750000 
27.000000 1.750000 
28.000000 1.750000 
29.000000 1.750000 
30.000000 1.750000 
31.000000 1.750000 
32.000000 1.750000 
33.000000 1.750000 
34.000000 1.750000 
35.000000 1.750000 
36.000000 1.750000 
37.000000 1.750000 
38.000000 1.750000 
39.000000 1.750000 
40.000000 1.750000 
41.000000 1.750000 
42.000000 1.750000 
43.000000 1.750000 
44.000000 1.750000 
45.000000 1.750000 
46.000000 1.750000 
47.000000 1.750000 
48.000000 1.750000 
49.000000 1.750000 
50.000000 1.750000 
51.000000 1.750000 
52.000000 1.750000 
53.000000 1.750000 
54.000000 1.750000 
55.000000 1.750000 
56.000000 1.750000 
57.000000 1.750000 
58.000000 1.750000 
59.000000 1.750000 
60.000000 1.750000 
61.000000 1.750000 
62.000000 1.750000 
63.000000 1.750000 
64.000000 1.750000 
65.000000 1.750000 
66.000000 1.750000 
67.000000 1.750000 
68.000000 1.750000 
69.000000 1.750000 
70.000000 1.750000 
71.000000 1.750000 
72.000000 1.750000 
73.000000 1.750000 
74.000000 1.750000 
75.000000 1.750000 
76.000000 1.750000 
77.000000 1.750000 
78.000000 1.750000 
79.000000 1.750000 
80.000000 1.750000 
81.000000 1.750000 
82.000000 1.750000 
83.000000 1.750000 
84.000000 1.750000 
85.000000 1.750000 
86.000000 1.750000 
87.000000 1.750000 
88.000000 1.750000 
89.000000 1.750000 
90.000000 1.750000 
91.000000 1.750000 
92.000000 1.750000 
93.000000 1.750000 
94.000000 1.750000 
95.000000 1.750000 
96.000000 1.750000 
97.000000 1.750000 
98.000000 1.750000 
99.000000 1.750000 
100.000000 1.750000 
101.000000 1.750000 
102.000000 1.750000 
103.000000 1.750000 
104.000000 1.750000 
105.000000 1.750000 
106.000000 1.750000 
107.000000 1.750000 
108.000000 1.750000 
109.000000 1.750000 
110.000000 1.750000 
111.000000 1.750000 
112.000000 1.750000 
113.000000 1.750000 
114.000000 1.750000 
115.000000 1.750000 
116.000000 1.750000 
117.000000 1.750000 
118.000000 1.750000 
119.000000 1.750000 
120.000000 1.750000 
121.000000 1.750000 
122.000000 1.750000 
123.000000 1.750000 
124.000000 1.750000 
125.000000 1.750000 
126.000000 1.750000 
127.000000 1.750000 
128.000000 1.750000 
129.000000 1.750000 
130.000000 1.750000 
131.000000 1.750000 
132.000000 1.750000 
133.000000 1.750000 
134.000000 1.750000 
135.000000 1.750000 
136.000000 1.750000 
137.000000 1.750000 
138.000000 1.750000 
139.000000 1.750000 
140.000000 1.750000 
141.000000 1.750000 
142.000000 1.750000 
143.000000 1.750000 
144.000000 1.750000 
145.000000 1.750000 
146.000000 1.750000 
147.000000 1.750000 
148.000000 1.750000 
149.000000 1.750000 
150.000000 1.750000 
151.000000 1.750000 
152.000000 1.750000 
153.000000 1.750000 
154.000000 1.750000 
155.000000 1.750000 
156.000000 1.750000 
157.000000 1.750000 
158.000000 1.750000 
159.000000 1.750000 
160.000000 1.750000 
161.000000 1.750000 
162.000000 1.750000 
163.000000 1.750000 
164.000000 1.750000 
165.000000 1.750000 
166.000000 1.750000 
167.000000 1.750000 
168.000000 1.750000 
169.000000 1.750000 
170.000000 1.750000 
171.000000 1.750000 
172.000000 1.750000 
173.000000 1.750000 
174.000000 1.750000 
175.000000 1.750000 
176.000000 1.750000 
177.000000 1.750000 
178.000000 1.750000 
179.000000 1.750000 
180.000000 1.750000 
181.000000 1.750000 
182.000000 1.750000 
183.000000 1.750000 
184.000000 1.750000 
185.000000 1.750000 
186.000000 1.750000 
187.000000 1.750000 
188.000000 1.750000 
189.000000 1.750000 
190.000000 1.750000 
191.000000 1.750000 
192.000000 1.750000 
193.000000 1.750000 
194.000000 1.750000 
195.000000 1.750000 
196.000000 1.750000 
197.000000 1.750000 
198.000000 1.750000 
199.000000 1.750000 
200.000000 1.750000 
201.000000 1.750000 
202.000000 1.750000 
203.000000 1.750000 
204.000000 1.750000 
205.000000 1.750000 
206.000000 1.750000 
207.000000 1.750000 
208.000000 1.750000 
209.000000 1.750000 
210.000000 1.750000 
211.000000 1.750000 
212.000000 1.750000 
213.000000 1.750000 
214.000000 1.750000 
215.000000 1.750000 
216.000000 1.750000 
217.000000 1.750000 
218.000000 1.750000 
219.000000 1.750000 
220.000000 1.750000 
221.000000 1.750000 
222.000000 1.750000 
223.000000 1.750000 
224.000000 1.750000 
225.000000 1.750000 
226.000000 1.750000 
227.000000 1.750000 
228.000000 1.750000 
229.000000 1.750000 
230.000000 1.750000 
231.000000 1.750000 
232.000000 1.750000 
233.000000 1.750000 
234.000000 1.750000 
235.000000 1.750000 
236.000000 1.750000 
237.000000 1.750000 
238.000000 1.750000 
239.000000 1.750000 
240.000000 1.750000 
241.000000 1.750000 
242.000000 1.750000 
243.000000 1.750000 
244.000000 1.750000 
245.000000 1.750000 
246.000000 1.750000 
247.000000 1.750000 
248.000000 1.750000 
249.000000 1.750000 
250.000000 1.750000 
