1.000000 2.200000 
2.000000 2.200000 
3.000000 2.200000 
4.000000 2.200000 
5.000000 2.200000 
6.000000 2.200000 
7.000000 2.200000 
8.000000 2.200000 
9.000000 2.200000 
10.000000 2.200000 
11.000000 2.200000 
12.000000 2.200000 
13.000000 2.200000 
14.000000 2.200000 
15.000000 2.200000 
16.000000 2.200000 
17.000000 2.200000 
18.000000 2.200000 
19.000000 2.200000 
20.000000 2.200000 
21.000000 2.200000 
22.000000 2.200000 
23.000000 2.200000 
24.000000 2.200000 
25.000000 2.199578 
26.000000 2.198388 
27.000000 2.196532 
28.000000 2.194106 
29.000000 2.191192 
30.000000 2.187866 
31.000000 2.184195 
32.000000 2.180239 
33.000000 2.176052 
34.000000 2.171681 
35.000000 2.167168 
36.000000 2.162552 
37.000000 2.157865 
38.000000 2.153137 
39.000000 2.148393 
40.000000 2.143654 
41.000000 2.138942 
42.000000 2.134273 
43.000000 2.129660 
44.000000 2.125118 
45.000000 2.120655 
46.000000 2.116281 
47.000000 2.112003 
48.000000 2.107828 
49.000000 2.103759 
50.000000 2.099801 
51.000000 2.095956 
52.000000 2.092226 
53.000000 2.088612 
54.000000 2.085116 
55.000000 2.081736 
56.000000 2.078472 
57.000000 2.075323 
58.000000 2.072288 
59.000000 2.069366 
60.000000 2.066553 
61.000000 2.063849 
62.000000 2.061251 
63.000000 2.058756 
64.000000 2.056362 
65.000000 2.054065 
66.000000 2.051864 
67.000000 2.049756 
68.000000 2.047736 
69.000000 2.045804 
70.000000 2.043955 
71.000000 2.042188 
72.000000 2.040498 
73.000000 2.038883 
74.000000 2.037342 
75.000000 2.035869 
76.000000 2.034464 
77.000000 2.033124 
78.000000 2.031845 
79.000000 2.030626 
80.000000 2.029464 
81.000000 2.028356 
82.000000 2.027301 
83.000000 2.026296 
84.000000 2.025339 
85.000000 2.024428 
86.000000 2.023561 
87.000000 2.022735 
88.000000 2.021950 
89.000000 2.021204 
90.000000 2.020493 
91.000000 2.019818 
92.000000 2.019176 
93.000000 2.018566 
94.000000 2.017986 
95.000000 2.017435 
96.000000 2.016911 
97.000000 2.016414 
98.000000 2.015942 
99.000000 2.015493 
100.000000 2.015067 
101.000000 2.014663 
102.000000 2.014279 
103.000000 2.013915 
104.000000 2.013569 
105.000000 2.013241 
106.000000 2.012930 
107.000000 2.012635 
108.000000 2.012355 
109.000000 2.012089 
110.000000 2.011837 
111.000000 2.011598 
112.000000 2.011372 
113.000000 2.011157 
114.000000 2.010953 
115.000000 2.010760 
116.000000 2.010577 
117.000000 2.010403 
118.000000 2.010239 
119.000000 2.010083 
120.000000 2.009936 
121.000000 2.009796 
122.000000 2.009663 
123.000000 2.009537 
124.000000 2.009418 
125.000000 2.009306 
126.000000 2.009199 
127.000000 2.009098 
128.000000 2.009002 
129.000000 2.008911 
130.000000 2.008825 
131.000000 2.008744 
132.000000 2.008667 
133.000000 2.008594 
134.000000 2.008525 
135.000000 2.008459 
136.000000 2.008398 
137.000000 2.008339 
138.000000 2.008283 
139.000000 2.008231 
140.000000 2.008181 
141.000000 2.008134 
142.000000 2.008089 
143.000000 2.008047 
144.000000 2.008007 
145.000000 2.007970 
146.000000 2.007934 
147.000000 2.007900 
148.000000 2.007868 
149.000000 2.007838 
150.000000 2.007809 
151.000000 2.007782 
152.000000 2.007756 
153.000000 2.007732 
154.000000 2.007709 
155.000000 2.007687 
156.000000 2.007667 
157.000000 2.007647 
158.000000 2.007629 
159.000000 2.007611 
160.000000 2.007595 
161.000000 2.007579 
162.000000 2.007564 
163.000000 2.007550 
164.000000 2.007537 
165.000000 2.007525 
166.000000 2.007513 
167.000000 2.007502 
168.000000 2.007491 
169.000000 2.007481 
170.000000 2.007472 
171.000000 2.007463 
172.000000 2.007454 
173.000000 2.007446 
174.000000 2.007439 
175.000000 2.007432 
176.000000 2.007425 
177.000000 2.007418 
178.000000 2.007412 
179.000000 2.007407 
180.000000 2.007401 
181.000000 2.007396 
182.000000 2.007391 
183.000000 2.007387 
184.000000 2.007382 
185.000000 2.007378 
186.000000 2.007374 
187.000000 2.007371 
188.000000 2.007367 
189.000000 2.007364 
190.000000 2.007361 
191.000000 2.007358 
192.000000 2.007355 
193.000000 2.007353 
194.000000 2.007350 
195.000000 2.007348 
196.000000 2.007346 
197.000000 2.007343 
198.000000 2.007342 
199.000000 2.007340 
200.000000 2.007338 
201.000000 2.007336 
202.000000 2.007335 
203.000000 2.007333 
204.000000 2.007332 
205.000000 2.007330 
206.000000 2.007329 
207.000000 2.007328 
208.000000 2.007327 
209.000000 2.007326 
210.000000 2.007325 
211.000000 2.007324 
212.000000 2.007323 
213.000000 2.007322 
214.000000 2.007321 
215.000000 2.007320 
216.000000 2.007320 
217.000000 2.007319 
218.000000 2.007318 
219.000000 2.007318 
220.000000 2.007317 
221.000000 2.007317 
222.000000 2.007316 
223.000000 2.007316 
224.000000 2.007315 
225.000000 2.007315 
226.000000 2.007314 
227.000000 2.007314 
228.000000 2.007314 
229.000000 2.007313 
230.000000 2.007313 
231.000000 2.007313 
232.000000 2.007312 
233.000000 2.007312 
234.000000 2.007312 
235.000000 2.007312 
236.000000 2.007311 
237.000000 2.007311 
238.000000 2.007311 
239.000000 2.007311 
240.000000 2.007310 
241.000000 2.007310 
242.000000 2.007310 
243.000000 2.007310 
244.000000 2.007310 
245.000000 2.007310 
246.000000 2.007310 
247.000000 2.007309 
248.000000 2.007309 
249.000000 2.007309 
250.000000 2.007309 
