1.000000 0.000000 
2.000000 0.000000 
3.000000 0.000000 
4.000000 0.000000 
5.000000 0.000000 
6.000000 0.000000 
7.000000 0.000000 
8.000000 0.000000 
9.000000 0.000000 
10.000000 0.000844 
11.000000 0.003225 
12.000000 0.006935 
13.000000 0.011788 
14.000000 0.017616 
15.000000 0.024268 
16.000000 0.031610 
17.000000 0.039522 
18.000000 0.047897 
19.000000 0.056639 
20.000000 0.065663 
21.000000 0.074896 
22.000000 0.084269 
23.000000 0.093726 
24.000000 0.103215 
25.000000 0.112691 
26.000000 0.122115 
27.000000 0.131454 
28.000000 0.140679 
29.000000 0.149765 
30.000000 0.158690 
31.000000 0.167438 
32.000000 0.175993 
33.000000 0.184344 
34.000000 0.192482 
35.000000 0.200398 
36.000000 0.208088 
37.000000 0.215548 
38.000000 0.222775 
39.000000 0.229769 
40.000000 0.236529 
41.000000 0.243057 
42.000000 0.249354 
43.000000 0.255423 
44.000000 0.261269 
45.000000 0.266893 
46.000000 0.272301 
47.000000 0.277498 
48.000000 0.282488 
49.000000 0.287277 
50.000000 0.291869 
51.000000 0.296271 
52.000000 0.300489 
53.000000 0.304527 
54.000000 0.308392 
55.000000 0.312089 
56.000000 0.315625 
57.000000 0.319004 
58.000000 0.322233 
59.000000 0.325317 
60.000000 0.328261 
61.000000 0.331071 
62.000000 0.333752 
63.000000 0.336310 
64.000000 0.338748 
65.000000 0.341072 
66.000000 0.343287 
67.000000 0.345398 
68.000000 0.347408 
69.000000 0.349322 
70.000000 0.351144 
71.000000 0.352879 
72.000000 0.354529 
73.000000 0.356099 
74.000000 0.357593 
75.000000 0.359013 
76.000000 0.360364 
77.000000 0.361648 
78.000000 0.362868 
79.000000 0.364028 
80.000000 0.365130 
81.000000 0.366177 
82.000000 0.367172 
83.000000 0.368117 
84.000000 0.369014 
85.000000 0.369865 
86.000000 0.370674 
87.000000 0.371441 
88.000000 0.372170 
89.000000 0.372861 
90.000000 0.373517 
91.000000 0.374140 
92.000000 0.374730 
93.000000 0.375291 
94.000000 0.375822 
95.000000 0.376326 
96.000000 0.376804 
97.000000 0.377257 
98.000000 0.377687 
99.000000 0.378094 
100.000000 0.378480 
101.000000 0.378846 
102.000000 0.379193 
103.000000 0.379522 
104.000000 0.379834 
105.000000 0.380129 
106.000000 0.380409 
107.000000 0.380674 
108.000000 0.380925 
109.000000 0.381163 
110.000000 0.381389 
111.000000 0.381602 
112.000000 0.381804 
113.000000 0.381996 
114.000000 0.382177 
115.000000 0.382349 
116.000000 0.382512 
117.000000 0.382666 
118.000000 0.382812 
119.000000 0.382950 
120.000000 0.383081 
121.000000 0.383205 
122.000000 0.383322 
123.000000 0.383433 
124.000000 0.383538 
125.000000 0.383638 
126.000000 0.383732 
127.000000 0.383821 
128.000000 0.383905 
129.000000 0.383985 
130.000000 0.384061 
131.000000 0.384132 
132.000000 0.384200 
133.000000 0.384264 
134.000000 0.384325 
135.000000 0.384382 
136.000000 0.384436 
137.000000 0.384488 
138.000000 0.384536 
139.000000 0.384582 
140.000000 0.384626 
141.000000 0.384667 
142.000000 0.384706 
143.000000 0.384743 
144.000000 0.384778 
145.000000 0.384811 
146.000000 0.384842 
147.000000 0.384871 
148.000000 0.384899 
149.000000 0.384926 
150.000000 0.384951 
151.000000 0.384974 
152.000000 0.384996 
153.000000 0.385018 
154.000000 0.385038 
155.000000 0.385057 
156.000000 0.385074 
157.000000 0.385091 
158.000000 0.385107 
159.000000 0.385122 
160.000000 0.385137 
161.000000 0.385150 
162.000000 0.385163 
163.000000 0.385175 
164.000000 0.385187 
165.000000 0.385198 
166.000000 0.385208 
167.000000 0.385217 
168.000000 0.385227 
169.000000 0.385235 
170.000000 0.385243 
171.000000 0.385251 
172.000000 0.385259 
173.000000 0.385265 
174.000000 0.385272 
175.000000 0.385278 
176.000000 0.385284 
177.000000 0.385290 
178.000000 0.385295 
179.000000 0.385300 
180.000000 0.385304 
181.000000 0.385309 
182.000000 0.385313 
183.000000 0.385317 
184.000000 0.385321 
185.000000 0.385324 
186.000000 0.385328 
187.000000 0.385331 
188.000000 0.385334 
189.000000 0.385337 
190.000000 0.385339 
191.000000 0.385342 
192.000000 0.385344 
193.000000 0.385346 
194.000000 0.385349 
195.000000 0.385351 
196.000000 0.385353 
197.000000 0.385354 
198.000000 0.385356 
199.000000 0.385358 
200.000000 0.385359 
201.000000 0.385361 
202.000000 0.385362 
203.000000 0.385363 
204.000000 0.385364 
205.000000 0.385366 
206.000000 0.385367 
207.000000 0.385368 
208.000000 0.385369 
209.000000 0.385370 
210.000000 0.385370 
211.000000 0.385371 
212.000000 0.385372 
213.000000 0.385373 
214.000000 0.385374 
215.000000 0.385374 
216.000000 0.385375 
217.000000 0.385375 
218.000000 0.385376 
219.000000 0.385376 
220.000000 0.385377 
221.000000 0.385377 
222.000000 0.385378 
223.000000 0.385378 
224.000000 0.385379 
225.000000 0.385379 
226.000000 0.385379 
227.000000 0.385380 
228.000000 0.385380 
229.000000 0.385380 
230.000000 0.385381 
231.000000 0.385381 
232.000000 0.385381 
233.000000 0.385381 
234.000000 0.385382 
235.000000 0.385382 
236.000000 0.385382 
237.000000 0.385382 
238.000000 0.385382 
239.000000 0.385383 
240.000000 0.385383 
241.000000 0.385383 
242.000000 0.385383 
243.000000 0.385383 
244.000000 0.385383 
245.000000 0.385383 
246.000000 0.385384 
247.000000 0.385384 
248.000000 0.385384 
249.000000 0.385384 
250.000000 0.385384 
251.000000 0.385384 
252.000000 0.385384 
253.000000 0.385384 
254.000000 0.385384 
255.000000 0.385384 
256.000000 0.385384 
257.000000 0.385384 
258.000000 0.385385 
259.000000 0.385385 
260.000000 0.385385 
261.000000 0.385385 
262.000000 0.385385 
263.000000 0.385385 
264.000000 0.385385 
265.000000 0.385385 
266.000000 0.385385 
267.000000 0.385385 
268.000000 0.385385 
269.000000 0.385385 
270.000000 0.385385 
271.000000 0.385385 
272.000000 0.385385 
273.000000 0.385385 
274.000000 0.385385 
275.000000 0.385385 
276.000000 0.385385 
277.000000 0.385385 
278.000000 0.385385 
279.000000 0.385385 
280.000000 0.385385 
281.000000 0.385385 
282.000000 0.385385 
283.000000 0.385385 
284.000000 0.385385 
285.000000 0.385385 
286.000000 0.385385 
287.000000 0.385385 
288.000000 0.385385 
289.000000 0.385385 
290.000000 0.385385 
291.000000 0.385385 
292.000000 0.385385 
293.000000 0.385385 
294.000000 0.385385 
295.000000 0.385385 
296.000000 0.385385 
297.000000 0.385385 
298.000000 0.385385 
299.000000 0.385385 
300.000000 0.385385 
301.000000 0.385385 
302.000000 0.385385 
303.000000 0.385385 
304.000000 0.385385 
305.000000 0.385385 
306.000000 0.385385 
307.000000 0.385385 
308.000000 0.385385 
309.000000 0.385385 
310.000000 0.385385 
311.000000 0.385385 
312.000000 0.385385 
313.000000 0.385385 
314.000000 0.385385 
315.000000 0.385385 
316.000000 0.385385 
317.000000 0.385385 
318.000000 0.385385 
319.000000 0.385385 
320.000000 0.385385 
321.000000 0.385385 
322.000000 0.385385 
323.000000 0.385385 
324.000000 0.385385 
325.000000 0.385385 
326.000000 0.385385 
327.000000 0.385385 
328.000000 0.385385 
329.000000 0.385385 
330.000000 0.385385 
331.000000 0.385385 
332.000000 0.385385 
333.000000 0.385385 
334.000000 0.385386 
335.000000 0.385386 
336.000000 0.385386 
337.000000 0.385386 
338.000000 0.385386 
339.000000 0.385386 
340.000000 0.385386 
341.000000 0.385386 
342.000000 0.385386 
343.000000 0.385386 
344.000000 0.385386 
345.000000 0.385386 
346.000000 0.385386 
347.000000 0.385386 
348.000000 0.385386 
349.000000 0.385386 
350.000000 0.385386 
351.000000 0.385386 
352.000000 0.385386 
353.000000 0.385386 
354.000000 0.385386 
355.000000 0.385386 
356.000000 0.385386 
357.000000 0.385386 
358.000000 0.385386 
359.000000 0.385386 
360.000000 0.385386 
361.000000 0.385386 
362.000000 0.385386 
363.000000 0.385386 
364.000000 0.385386 
365.000000 0.385386 
366.000000 0.385386 
367.000000 0.385386 
368.000000 0.385386 
369.000000 0.385386 
370.000000 0.385386 
371.000000 0.385386 
372.000000 0.385386 
373.000000 0.385386 
374.000000 0.385386 
375.000000 0.385386 
376.000000 0.385386 
377.000000 0.385386 
378.000000 0.385386 
379.000000 0.385386 
380.000000 0.385386 
381.000000 0.385386 
382.000000 0.385386 
383.000000 0.385386 
384.000000 0.385386 
385.000000 0.385386 
386.000000 0.385386 
387.000000 0.385386 
388.000000 0.385386 
389.000000 0.385386 
390.000000 0.385386 
391.000000 0.385386 
392.000000 0.385386 
393.000000 0.385386 
394.000000 0.385386 
395.000000 0.385386 
396.000000 0.385386 
397.000000 0.385386 
398.000000 0.385386 
399.000000 0.385386 
400.000000 0.385386 
401.000000 0.385386 
402.000000 0.385386 
403.000000 0.385386 
404.000000 0.385386 
405.000000 0.385386 
406.000000 0.385386 
407.000000 0.385386 
408.000000 0.385386 
409.000000 0.385386 
410.000000 0.385386 
411.000000 0.385386 
412.000000 0.385386 
413.000000 0.385386 
414.000000 0.385386 
415.000000 0.385386 
416.000000 0.385386 
417.000000 0.385386 
418.000000 0.385386 
419.000000 0.385386 
420.000000 0.385386 
421.000000 0.385386 
422.000000 0.385386 
423.000000 0.385386 
424.000000 0.385386 
425.000000 0.385386 
426.000000 0.385386 
427.000000 0.385386 
428.000000 0.385386 
429.000000 0.385386 
430.000000 0.385386 
431.000000 0.385386 
432.000000 0.385386 
433.000000 0.385386 
434.000000 0.385386 
435.000000 0.385386 
436.000000 0.385386 
437.000000 0.385386 
438.000000 0.385386 
439.000000 0.385386 
440.000000 0.385386 
441.000000 0.385386 
442.000000 0.385386 
443.000000 0.385386 
444.000000 0.385386 
445.000000 0.385386 
446.000000 0.385386 
447.000000 0.385386 
448.000000 0.385386 
449.000000 0.385386 
450.000000 0.385386 
451.000000 0.385386 
452.000000 0.385386 
453.000000 0.385386 
454.000000 0.385386 
455.000000 0.385386 
456.000000 0.385386 
457.000000 0.385386 
458.000000 0.385386 
459.000000 0.385386 
460.000000 0.385386 
461.000000 0.385386 
462.000000 0.385386 
463.000000 0.385386 
464.000000 0.385386 
465.000000 0.385386 
466.000000 0.385386 
467.000000 0.385386 
468.000000 0.385386 
469.000000 0.385386 
470.000000 0.385386 
471.000000 0.385386 
472.000000 0.385386 
473.000000 0.385386 
474.000000 0.385386 
475.000000 0.385386 
476.000000 0.385386 
477.000000 0.385386 
478.000000 0.385386 
479.000000 0.385386 
480.000000 0.385386 
481.000000 0.385386 
482.000000 0.385386 
483.000000 0.385386 
484.000000 0.385386 
485.000000 0.385386 
486.000000 0.385386 
487.000000 0.385386 
488.000000 0.385386 
489.000000 0.385386 
490.000000 0.385386 
491.000000 0.385386 
492.000000 0.385386 
493.000000 0.385386 
494.000000 0.385386 
495.000000 0.385386 
496.000000 0.385386 
497.000000 0.385386 
498.000000 0.385386 
499.000000 0.385386 
500.000000 0.385386 
